---
########## Trajectory ##########
Trajectory:
# Number of Curves generated
    number_of_curves: 6
# Ratio for the velocity
    Vel_ratio: 1.000000
# Curve parameters
    poly_order: 3
    tf: [15.000000000000000, 10.000000000000000, 10.000000000000000, 10.000000000000000, 8.000000000000000, 8.000000000000000]
    c_pos0: [-6.000000000000000, 0.500000000000000, 0.086666666672195, -0.004592592590744, 3.500000000000000, 0.000000000000000, 0.019999999992686, -0.002370370370730, 0.000000000000000, 0.000000000000000, 0.000000000183313, -0.000000000016137]
    c_pos1: [5.500000000000000, 0.000000000000000, 0.024999999999532, -0.005000000000071, 0.000000000000000, -1.000000000000000, -0.069999999999400, 0.008000000000088, 0.000000000000000, 0.000000000000000, 0.000000000000032, -0.000000000000242]
    c_pos2: [3.000000000000000, -1.000000000000000, 0.065000000000274, -0.000999999999448, -9.000000000000000, -0.000000000000000, 0.004999999989749, 0.003000000000616, 0.000000000000000, 0.000000000000000, -0.000000000000008, 0.000000000000434]
    c_pos3: [-1.500000000000000, -0.000000000000000, 0.000000000000048, -0.000000000000047, -5.500000000000000, 1.000000000000000, -0.134999999977243, 0.008999999997824, 0.000000000000000, 0.000000000000000, 0.000000000000011, 0.000000000000498]
    c_pos4: [-1.500000000000000, -0.000000000000000, 0.039062500002690, 0.001953124999335, 0.000000000000000, 1.000000000000000, -0.076562499999733, 0.001171875000489, 0.000000000000000, 0.000000000000000, 0.000000000000053, 0.000000000000185]
    c_pos5: [2.000000000000000, 1.000000000000000, -0.085937499999902, 0.001953124999717, 3.700000000000000, 0.000000000000000, -0.048437500002741, -0.001171874999880, 0.000000000000000, 0.000000000000000, 0.000000000000053, 0.000000000000185]
